Song_Index
327
32707
32655
2270
32734
32703
4194
32705
1085
1023
4607
330
32741
5518
32654
927
5514
32607
33052
33114
33056
1076
33608
993
5306
7855
2567
32665
32659
5378
32743
14033
1774
1084
32664
33609
32658
1035
32660
32652
4362
33054
272
33610
1033
1900
11850
5515
15179
1075
