Song_Index
2357
44323
20626
4231
44324
4226
2374
2373
2362
4228
44325
2367
44326
2389
20610
44327
1676
44328
44329
5488
5490
15922
44330
1698
4263
2356
44331
44332
5491
4236
2376
15544
4234
44333
34076
4701
1710
5341
44334
44335
44336
44337
4261
44338
1681
2344
2350
4235
969
44339
