Song_Index
17710
693
1584
17714
718
690
1582
704
17992
686
17993
17994
17995
1579
17721
17996
17997
5859
17998
8629
17999
748
18000
12061
17720
18001
18002
18003
18004
5365
17734
18005
18006
18007
1595
18008
18009
10312
18010
1117
1578
18011
18012
8622
232
18013
1598
18014
18015
8212
