Song_Index
3602
3608
13142
1392
7104
13143
1427
2470
13144
11731
13132
13145
13146
12609
5326
2481
419
13147
12095
13148
13149
12382
3313
1618
13150
415
13151
3601
1499
13152
4385
3615
13153
3099
13154
11750
13155
5433
13156
6681
13157
13158
13159
3631
5445
13160
12235
13161
13162
13163
