Song_Index
16213
1119
748
17031
16888
1315
1319
15402
15790
16900
227
1323
775
17435
17436
1321
16884
1320
17437
15785
201
16902
16901
15795
15376
17438
15445
5855
17439
15383
17440
17441
17442
17036
769
16890
5852
17443
17444
219
17445
17033
17042
17446
1322
17447
5168
233
17448
15727
