Song_Index
693
696
4820
686
4938
4827
5366
718
1590
1582
4554
5365
5370
5123
2589
3367
2583
4828
5033
690
1593
1578
5656
5746
2586
5035
2606
20557
4837
4445
4551
5747
58524
5788
5124
1588
5036
5749
748
5050
1129
5745
4552
52473
13943
2595
769
740
775
4565
