Song_Index
1676
7383
2388
1546
2844
2862
2244
4267
8297
2846
2860
29489
2332
4611
33519
1695
9743
4226
3210
63500
49784
38103
1683
63501
1678
63502
32987
29165
1704
63503
5346
1686
5536
116
13150
2868
4261
8835
63504
63505
1713
63506
63507
2242
3099
1562
63508
40564
63509
63510
