Song_Index
875
282
877
874
876
49287
902
28421
295
878
6993
898
322
910
890
1050
6181
889
80708
915
38442
22058
327
11219
38439
893
80882
1731
3290
7271
318
4112
1907
899
912
3289
11221
27467
907
80711
10330
26262
80883
80715
12356
4345
80884
14902
6804
8317
