Song_Index
104
127
107
103
111
116
131
106
134
9055
105
27394
5782
135
63023
5776
9062
957
11912
1139
5611
6057
844
21911
33116
14761
7123
9500
8833
14921
959
63191
40618
2035
6791
1264
2418
50180
45937
17023
63192
37309
9047
63193
63194
142
38575
138
3673
14556
