Song_Index
33707
1698
4226
1676
1679
52232
1712
5508
52792
1678
1673
5736
1671
52309
1683
4234
4236
12307
4722
1546
52355
111
2240
5737
5343
3844
1713
4247
5533
4239
52793
4228
21101
104
4727
2232
4701
3838
5603
1559
15124
2248
1684
4235
1700
40639
52794
4726
1806
844
